0.20,70
0.20,59
0.20,150
0.20,71
0.20,50
0.20,57
0.20,57
0.20,73
0.20,105
0.20,52
0.20,82
0.20,68
0.20,98
0.20,53
0.20,54
0.20,68
0.21,63
0.21,52
0.21,90
0.21,66
0.21,164
0.21,154
0.21,98
0.21,122
0.21,75
0.21,124
0.21,124
0.21,145
0.21,128
0.21,89
0.21,128
0.21,243
0.21,81
0.21,175
0.21,131
0.21,110
0.21,283
0.21,168
0.22,87
0.22,116
0.22,84
0.22,100
0.22,80
0.22,232
0.22,58
0.22,144
0.22,79
0.22,111
0.22,114
0.22,382
0.22,108
0.22,50
0.22,143
0.22,211
0.22,92
0.22,106
0.22,190
0.23,215
0.23,129
0.23,71
0.23,125
0.23,97
0.23,112
0.23,268
0.23,64
0.23,56
0.23,415
0.23,64
0.23,111
0.23,80
0.23,55
0.23,259
0.23,166
0.23,62
0.23,66
0.23,74
0.23,198
0.23,51
0.24,373
0.24,54
0.24,115
0.24,57
0.24,130
0.24,100
0.24,76
0.24,73
0.24,70
0.24,83
0.24,102
0.24,102
0.24,90
0.24,79
0.24,95
0.25,71
0.25,98
0.25,66
0.25,67
0.25,52
0.25,53
0.25,75
0.25,105
0.25,119
0.25,102
0.25,99
0.26,194
0.26,233
0.26,84
0.26,85
0.26,112
0.26,67
0.26,78
0.26,115
0.26,79
0.26,57
0.26,211
0.26,61
0.26,194
0.26,81
0.26,58
0.27,97
0.27,71
0.27,206
0.27,366
0.27,63
0.27,60
0.27,76
0.27,75
0.27,66
0.27,75
0.27,58
0.27,82
0.27,56
0.28,61
0.28,64
0.28,59
0.28,129
0.28,79
0.28,124
0.28,206
0.28,63
0.28,83
0.28,108
0.28,69
0.29,142
0.29,78
0.29,81
0.29,56
0.29,377
0.29,78
0.29,145
0.30,86
0.30,66
0.30,60
0.30,82
0.30,50
0.31,80
0.31,104
0.31,88
0.31,70
0.31,88
0.31,76
0.31,120
0.31,57
0.31,104
0.31,91
0.31,108
0.31,69
0.31,151
0.32,82
0.32,244
0.32,104
0.32,54
0.32,103
0.32,66
0.32,70
0.32,90
0.32,91
0.32,73
0.32,142
0.33,69
0.33,56
0.33,77
0.33,159
0.33,88
0.33,99
0.34,68
0.34,60
0.34,69
0.35,101
0.35,71
0.36,54
0.36,131
0.37,60
0.37,95
0.37,69
0.37,59
0.38,103
0.38,61
0.38,61
0.38,100
0.38,74
0.39,91
0.39,157
0.40,79
0.40,70
0.40,137
0.41,105
0.41,56
0.41,52
0.42,53
0.42,52
0.42,71
0.42,65
0.42,53
0.42,70
0.42,87
0.42,76
0.43,64
0.45,51
0.45,58
0.46,72
0.46,61
0.47,111
0.49,115
0.49,69
0.49,51
0.49,55
0.50,60
0.50,52
0.50,58
0.52,56
0.52,63
0.55,51
0.57,80
0.65,92
0.67,53
1.00,54
